  -7.2800881e-02   1.0883736e+00
  -9.9430985e-01   5.0055229e-01
  -7.4735831e-01   2.7717897e+00
  -3.0813882e-02  -1.6030918e-01
   9.8835463e-01   4.2948853e-01
  -5.9901663e-01  -1.9668175e+00
   1.4766436e+00  -5.4601861e-01
  -8.1380113e-01  -1.8883947e+00
   6.4503959e-01  -1.0795249e-01
  -1.3099194e+00  -1.3161439e+00
  -8.6742511e-01  -6.7263183e-01
  -4.7423328e-01  -9.0236482e-01
   2.2241739e-01  -1.5479834e-01
   1.8713228e+00   9.4724234e-01
   1.1000148e-01   1.5503751e+00
  -4.1134087e-01   4.2903995e-01
   5.1124172e-01  -5.6079457e-01
  -1.1991165e+00   1.7930426e-01
  -9.6360585e-02  -7.7150889e-01
   4.4581732e-01  -9.4338985e-01
  -2.9582477e-01  -1.4075694e+00
  -1.6799630e-01  -1.9061308e+00
   1.7954332e-01  -6.5293028e-02
   4.2111824e-01   6.7214882e-01
   1.6776784e+00   2.0614694e-01
   1.9969489e+00  -8.1241728e-03
   6.9696425e-01   2.0041776e-02
  -1.3663822e+00  -5.5844661e-01
   3.6304512e-01   1.8860791e+00
  -5.6704448e-01  -2.1997506e-01
  -1.0441539e+00  -1.4143953e+00
   6.9713917e-01  -3.0281131e-01
   4.8402588e-01  -5.6957388e-01
  -1.9375096e-01  -1.2149480e-01
  -3.7809549e-01  -3.9017065e-01
  -8.8637389e-01  -8.4428710e-01
  -1.8401971e+00  -1.7377568e+00
  -1.6281952e+00  -4.4952024e-01
  -1.1737886e+00  -1.5479330e+00
  -4.1541088e-01  -9.5776238e-02
   1.7508785e-01   9.0771442e-01
   2.2943330e-01   2.3696020e+00
  -1.2408886e+00   5.1976803e-01
   7.0000396e-01   4.1052508e-01
   4.2687685e-01   1.0525851e+00
   1.4548035e+00   4.2878377e-01
  -5.1018619e-01   1.2950877e+00
  -6.6566650e-03  -1.8605268e-01
  -5.2549616e-01   1.3073343e-01
   7.1769807e-01  -6.5762695e-01
   2.2407325e+00   3.6033566e+00
   2.4048302e+00   2.9415946e+00
   3.8123996e+00   1.8913338e+00
   3.0695408e+00   5.1442294e+00
   1.1663129e+00   1.6471785e+00
   4.8273628e+00   3.4570213e+00
   3.6540751e+00   3.3911748e+00
   1.4552307e+00   5.0730133e+00
   2.6248910e+00   2.6766816e+00
   3.2076883e+00   4.4681324e+00
   2.2343855e+00   2.4976013e+00
   2.8936448e+00   3.2095933e+00
   3.3387694e+00   3.7548000e+00
   4.0334614e+00   2.0518109e+00
   1.5951775e+00   3.6131567e+00
   1.9694299e+00   4.7605029e+00
   2.3566280e+00   3.0887623e+00
   3.1707866e+00   5.5955695e+00
   4.3448392e+00   2.3245302e+00
   4.9362731e+00   5.7868042e+00
   3.7413357e+00   2.9831732e+00
   3.8119796e+00   3.2716509e+00
   2.8571916e+00   2.0858977e+00
   2.9001415e+00   1.0486291e+00
   2.1998685e+00   2.6825818e+00
   3.4932490e+00   3.5883334e+00
   4.2375738e+00   3.8289964e+00
   4.2959513e+00   1.3251494e+00
   2.7218039e+00   1.0777065e+00
   3.2171272e+00   2.5633379e+00
   3.6307280e+00   3.0449741e+00
   2.4514514e+00   5.4166091e+00
   3.2296316e+00   2.6901082e+00
   3.3553112e+00   3.1875830e+00
   3.5212841e+00   3.9476989e+00
   2.3840294e+00   2.4742972e+00
   4.3458034e+00   1.8843947e+00
   3.9749224e+00   1.4076801e+00
   6.2206615e-01   4.1748441e+00
   1.9076811e+00   3.4851439e+00
   2.6742904e+00   4.6454805e+00
   9.8777224e-01   2.5457668e+00
   4.5676605e+00   4.0087682e+00
   3.2333372e+00   5.0494034e+00
   3.6464197e+00   3.6020201e+00
   1.8705880e+00   3.0178596e+00
   3.1970383e+00   1.3895742e+00
   4.6968696e+00   4.2387520e+00
   3.7260336e+00   3.6835869e+00
   3.7925258e+00   2.2192842e+00
  -2.4690208e+00  -2.9343362e+00
  -8.6550229e-01  -3.0123417e+00
  -2.6456393e+00  -3.0769865e+00
  -2.7683002e+00  -4.5585871e+00
  -1.7120195e+00  -1.2973934e+00
  -3.0134883e+00  -3.4689845e+00
  -4.3333449e+00  -2.9053811e+00
  -3.5563429e+00  -2.7129286e+00
  -2.2444034e+00  -2.0806464e+00
  -3.9118538e+00  -2.4898639e+00
  -1.6283164e+00  -2.7545604e+00
  -2.7544199e+00  -4.4005189e+00
  -2.8811555e+00  -2.0304294e+00
  -2.6153100e+00  -1.4063023e+00
  -3.0701524e+00  -4.4379172e+00
  -3.5783095e+00  -4.5342304e+00
  -2.5306922e+00  -3.0747095e+00
  -1.7003125e+00  -2.9185406e+00
  -1.3652020e+00  -3.8432399e+00
  -3.7028086e+00  -3.5646402e+00
  -2.1927471e+00  -3.0282065e+00
  -4.0274512e+00  -4.2437021e+00
  -1.7055039e+00  -2.2669606e+00
  -2.9850696e+00  -2.9404201e+00
  -2.7812949e+00  -2.8508561e+00
  -1.2868115e+00  -1.4041429e+00
  -5.0788050e+00  -3.7772503e+00
  -2.8870832e+00  -1.4497226e+00
  -4.0864914e+00  -1.9449984e+00
  -4.5583106e+00  -3.1666542e+00
  -2.3625944e+00  -2.6855162e+00
  -3.4045762e+00  -1.5804291e+00
  -3.4033253e+00  -2.6726522e+00
  -2.9159236e+00  -2.5243470e+00
  -3.4353491e+00  -2.6012461e+00
  -3.5626226e+00  -3.0727701e+00
  -2.1219377e+00  -1.6852162e+00
  -3.8146499e+00  -2.0217206e+00
  -3.2583629e+00  -1.2778858e+00
  -2.5067007e+00  -3.4123018e+00
  -3.8026938e+00  -2.4348669e+00
  -3.0083286e+00  -2.2601491e+00
  -2.3724290e+00  -2.7798617e+00
  -2.8456183e+00  -1.6871930e+00
  -4.1926536e-01  -2.3708484e+00
  -4.3062463e+00  -4.1079873e+00
  -1.9764738e+00  -3.4470014e+00
  -2.2222045e+00  -3.7259927e+00
  -3.8338844e+00  -2.6459546e+00
  -3.5866633e+00  -3.5067720e+00
